C=0.000001;
R=1000;